2015	01	967.5349999999951	18.98999999999999	948.5449999999951
2015	02	207.0080000000004	10.149999999999999	196.8580000000004
2015	03	147.39400000000032	27.800000000000004	119.5940000000003
2015	04	115.32800000000002	9.55	105.77800000000002
2015	05	135.93299999999988	13.76999999999999	122.16299999999988
2015	06	214.34600000000088	28.61000000000002	185.73600000000087
2015	07	471.7060000000002	29.569999999999993	442.1360000000002
2015	08	884.5609999999904	43.26000000000001	841.3009999999904
2015	09	876.8839999999977	17.259999999999994	859.6239999999977
2015	10	980.9699999999953	51.889999999999986	929.0799999999953
2015	11	158.01200000000034	23.249999999999993	134.76200000000034
2015	12	257.0509999999997	7.189999999999998	249.8609999999997
2016	01	598.3539999999955	19.449999999999996	578.9039999999954
2016	02	61.16900000000001	7.010000000000001	54.15900000000001
2016	03	28.03600000000002	2.7199999999999998	25.31600000000002
2016	04	226.9349000000002	7.009999999999997	219.9249000000002
2016	05	1.9960000000000007	14.460000000000003	-12.464000000000002
2016	06	556.0360000000002	14.100000000000003	541.9360000000001
2016	07	821.0439999999998	34.17	786.8739999999998
2016	08	1190.4629999999804	78.66000000000003	1111.8029999999803
2016	09	811.7109999999909	20.340000000000007	791.3709999999909
2016	10	82.29900000000004	3.81	78.48900000000003
2016	11	129.24200000000013	15.489999999999997	113.75200000000014
2016	12	508.5979999999993	16.63	491.9679999999993
2017	01	762.3379999999954	23.03	739.3079999999954
2017	02	83.18000000000009	8.905	74.27500000000009
2017	03	33.48999999999996	7.2299999999999995	26.25999999999996
2017	04	2.1200000000000006	1.6800000000000002	0.4400000000000004
2017	05	60.139999999999986	6.490000000000001	53.649999999999984
2017	06	4.699999999999999	4.410000000000001	0.28999999999999826
2017	07	1802.8599999999697	39.62	1763.2399999999698
2017	08	622.6099999999959	28.8	593.809999999996
2017	09	34.97999999999999	3.58	31.39999999999999
2017	10	11.729999999999992	0.0	11.729999999999992
2017	11	13.725000000000003	0.2	13.525000000000004
2017	12	127.73250000000007	0.0	127.73250000000007
2018	01	115.70650000000005	5.65	110.05650000000004
2018	02	780.8761999999964	10.170000000000002	770.7061999999964
2018	03	20.875000000000085	4.619999999999999	16.255000000000088
2018	04	0.29	0.16	0.12999999999999998
2018	05	1.6850000000000007	2.6999999999999997	-1.014999999999999
2018	06	410.2499999999996	2.91	407.3399999999996
2018	07	779.4214999999956	39.229999999999976	740.1914999999956
2018	08	763.7702999999951	28.150000000000002	735.6202999999952
2018	09	575.3574999999998	9.5	565.8574999999998
2018	10	1384.8579999999881	36.77999999999998	1348.0779999999882
2018	11	91.4055	2.21	89.19550000000001
2018	12	467.14149999999876	12.229999999999995	454.91149999999874
2019	01	503.4535999999959	9.289999999999997	494.1635999999959
2019	02	1262.0829999999978	27.70000000000001	1234.3829999999978
2019	03	331.2233999999992	13.874999999999998	317.3483999999992
2019	04	30.235700000000012	6.78	23.45570000000001
2019	05	90.51000000000019	27.37	63.140000000000185
2019	06	8.00499999999999	0.07	7.93499999999999
2019	07	400.2949999999998	6.070000000000002	394.2249999999998
2019	08	694.3664999999977	13.805	680.5614999999977
2019	09	829.6384999999963	9.904999999999994	819.7334999999963
2019	10	0.09000000000000001	0.19000000000000003	-0.10000000000000002
2019	11	1091.5614999999943	22.580000000000002	1068.9814999999944
2019	12	736.7684999999975	10.34	726.4284999999975
2020	01	0.04	0.0	0.04
